[1.947,42.068],[1.948,42.068],[1.949,42.068],[1.950,42.068],[1.951,42.068],[1.952,42.068],[1.953,42.068],[1.954,42.068],[1.955,42.068],
[1.947,42.062],[1.948,42.062],[1.949,42.062],[1.950,42.062],[1.951,42.062],[1.952,42.062],[1.953,42.062],[1.954,42.062],[1.955,42.062],

[1.955,42.068],[1.954,42.068],[1.953,42.068],[1.952,42.068],[1.951,42.068],[1.950,42.068],[1.949,42.068],[1.948,42.068],[1.947,42.068],
[1.955,42.062],[1.954,42.062],[1.953,42.062],[1.952,42.062],[1.951,42.062],[1.950,42.062],[1.949,42.062],[1.948,42.062],[1.947,42.062],

[1.947,42.062],[1.947,42.063],[1.947,42.064],[1.947,42.065],[1.947,42.066],[1.947,42.067],[1.947,42.068],
[1.951,42.062],[1.951,42.063],[1.951,42.064],[1.951,42.065],[1.951,42.066],[1.951,42.067],[1.951,42.068],
[1.955,42.062],[1.955,42.063],[1.955,42.064],[1.955,42.065],[1.955,42.066],[1.955,42.067],[1.955,42.068],

[1.947,42.068],[1.947,42.067],[1.947,42.066],[1.947,42.065],[1.947,42.064],[1.947,42.063],[1.947,42.062],
[1.951,42.068],[1.951,42.067],[1.951,42.066],[1.951,42.065],[1.951,42.064],[1.951,42.063],[1.951,42.062],
[1.955,42.068],[1.955,42.067],[1.955,42.066],[1.955,42.065],[1.955,42.064],[1.955,42.063],[1.955,42.062],



===============
A)
1)
[1.949,42.068],[1.950,42.068],[1.951,42.068],[1.951,42.067],[1.951,42.066],[1.951,42.065],[1.951,42.064],[1.951,42.063],[1.951,42.062],[1.950,42.062],[1.949,42.062],[1.948,42.062],[1.947,42.062],[1.947,42.063],[1.947,42.064],[1.947,42.065],[1.947,42.066],[1.947,42.067],[1.947,42.068],[1.948,42.068],[1.949,42.068]

2)
[1.953,42.068],[1.954,42.068],[1.955,42.068],[1.955,42.067],[1.955,42.066],[1.955,42.065],[1.955,42.064],[1.955,42.063],[1.955,42.062],[1.954,42.062],[1.953,42.062],[1.952,42.062],[1.951,42.062],[1.951,42.063],[1.951,42.064],[1.951,42.065],[1.951,42.066],[1.951,42.067],[1.951,42.068],[1.952,42.068],[1.953,42.068]

===============
B)
1)
[1.951,42.065],[1.951,42.064],[1.951,42.063],[1.951,42.062],[1.950,42.062],[1.949,42.062],[1.948,42.062],[1.947,42.062],[1.947,42.063],[1.947,42.064],[1.947,42.065],[1.947,42.066],[1.947,42.067],[1.947,42.068],[1.948,42.068],[1.949,42.068],[1.950,42.068],[1.951,42.068],[1.951,42.067],[1.951,42.066],[1.951,42.065]

2)
[1.953,42.068],[1.954,42.068],[1.955,42.068],[1.955,42.067],[1.955,42.066],[1.955,42.065],[1.955,42.064],[1.955,42.063],[1.955,42.062],[1.954,42.062],[1.953,42.062],[1.952,42.062],[1.951,42.062],[1.951,42.063],[1.951,42.064],[1.951,42.065],[1.951,42.066],[1.951,42.067],[1.951,42.068],[1.952,42.068],[1.953,42.068]
===============
C)
1)
[1.949,42.068],[1.950,42.068],[1.951,42.068],[1.951,42.067],[1.951,42.066],[1.951,42.065],[1.951,42.064],[1.951,42.063],[1.951,42.062],[1.950,42.062],[1.949,42.062],[1.948,42.062],[1.947,42.062],[1.947,42.063],[1.947,42.064],[1.947,42.065],[1.947,42.066],[1.947,42.067],[1.947,42.068],[1.948,42.068],[1.949,42.068]

2)
[1.951,42.065],[1.951,42.066],[1.951,42.067],[1.951,42.068],[1.952,42.068],[1.953,42.068],[1.954,42.068],[1.955,42.068],[1.955,42.067],[1.955,42.066],[1.955,42.065],[1.955,42.064],[1.955,42.063],[1.955,42.062],[1.954,42.062],[1.953,42.062],[1.952,42.062],[1.951,42.062],[1.951,42.063],[1.951,42.064],[1.951,42.065]

===============
D)
1)
[1.951,42.065],[1.951,42.064],[1.951,42.063],[1.951,42.062],[1.950,42.062],[1.949,42.062],[1.948,42.062],[1.947,42.062],[1.947,42.063],[1.947,42.064],[1.947,42.065],[1.947,42.066],[1.947,42.067],[1.947,42.068],[1.948,42.068],[1.949,42.068],[1.950,42.068],[1.951,42.068],[1.951,42.067],[1.951,42.066],[1.951,42.065]

2)
[1.951,42.064],[1.951,42.065],[1.951,42.066],[1.951,42.067],[1.951,42.068],[1.952,42.068],[1.953,42.068],[1.954,42.068],[1.955,42.068],[1.955,42.067],[1.955,42.066],[1.955,42.065],[1.955,42.064],[1.955,42.063],[1.955,42.062],[1.954,42.062],[1.953,42.062],[1.952,42.062],[1.951,42.062],[1.951,42.063],[1.951,42.064]

===============
E)
1)
[1.951,42.065],[1.951,42.064],[1.951,42.063],[1.951,42.062],[1.950,42.062],[1.949,42.062],[1.948,42.062],[1.947,42.062],[1.947,42.063],[1.947,42.064],[1.947,42.065],[1.947,42.066],[1.947,42.067],[1.947,42.068],[1.948,42.068],[1.949,42.068],[1.950,42.068],[1.951,42.068],[1.951,42.067],[1.951,42.066],[1.951,42.065]

2)
[1.951,42.066],[1.951,42.067],[1.951,42.068],[1.952,42.068],[1.953,42.068],[1.954,42.068],[1.955,42.068],[1.955,42.067],[1.955,42.066],[1.955,42.065],[1.955,42.064],[1.955,42.063],[1.955,42.062],[1.954,42.062],[1.953,42.062],[1.952,42.062],[1.951,42.062],[1.951,42.063],[1.951,42.064],[1.951,42.065],[1.951,42.066]

===============
Abis) Bbis) Cbis)
1)
[1.951,42.068],[1.951,42.067],[1.951,42.066],[1.951,42.065],[1.951,42.064],[1.951,42.063],[1.951,42.062],[1.950,42.062],[1.949,42.062],[1.948,42.062],[1.947,42.062],[1.947,42.063],[1.947,42.064],[1.947,42.065],[1.947,42.066],[1.947,42.067],[1.947,42.068],[1.948,42.068],[1.949,42.068],[1.950,42.068],[1.951,42.068]

2)
[1.951,42.068],[1.952,42.068],[1.953,42.068],[1.954,42.068],[1.955,42.068],[1.955,42.067],[1.955,42.066],[1.955,42.065],[1.955,42.064],[1.955,42.063],[1.955,42.062],[1.954,42.062],[1.953,42.062],[1.952,42.062],[1.951,42.062],[1.951,42.063],[1.951,42.064],[1.951,42.065],[1.951,42.066],[1.951,42.067],[1.951,42.068]

===============

Dbis)
1)
[1.951,42.068],[1.951,42.067],[1.951,42.066],[1.951,42.065],[1.951,42.064],[1.951,42.063],[1.951,42.062],[1.950,42.062],[1.949,42.062],[1.948,42.062],[1.947,42.062],[1.947,42.063],[1.947,42.064],[1.947,42.065],[1.947,42.066],[1.947,42.067],[1.947,42.068],[1.948,42.068],[1.949,42.068],[1.950,42.068],[1.951,42.068]

2)
[1.951,42.062],[1.951,42.063],[1.951,42.064],[1.951,42.065],[1.951,42.066],[1.951,42.067],[1.951,42.068],[1.952,42.068],[1.953,42.068],[1.954,42.068],[1.955,42.068],[1.955,42.067],[1.955,42.066],[1.955,42.065],[1.955,42.064],[1.955,42.063],[1.955,42.062],[1.954,42.062],[1.953,42.062],[1.952,42.062],[1.951,42.062]

===============

Ebis)
1)
[1.951,42.062],[1.950,42.062],[1.949,42.062],[1.948,42.062],[1.947,42.062],[1.947,42.063],[1.947,42.064],[1.947,42.065],[1.947,42.066],[1.947,42.067],[1.947,42.068],[1.948,42.068],[1.949,42.068],[1.950,42.068],[1.951,42.068],[1.951,42.067],[1.951,42.066],[1.951,42.065],[1.951,42.064],[1.951,42.063],[1.951,42.062]

2)
[1.951,42.068],[1.952,42.068],[1.953,42.068],[1.954,42.068],[1.955,42.068],[1.955,42.067],[1.955,42.066],[1.955,42.065],[1.955,42.064],[1.955,42.063],[1.955,42.062],[1.954,42.062],[1.953,42.062],[1.952,42.062],[1.951,42.062],[1.951,42.063],[1.951,42.064],[1.951,42.065],[1.951,42.066],[1.951,42.067],[1.951,42.068]
